cmblock,C1,element,315
(8i10)
         1         2         3         4         5         6         7         8
         9        10        11        12        13        14        15        16
        17        18        19        20        21        22        23        24
        25        26        27        28        29        30        31        32
        33        34        35        36        37        38        39        40
        41        42        43        44        45        46        47        48
        49        50        51        52        53        54        55        56
        57        58        59        60        61        62        63        64
        65        66        67        68        69        70        71        72
        73        74        75        76        77        78        79        80
        81        82        83        84        85        86        87        88
        89        90        91        92        93        94        95        96
        97        98        99       100       101       102       103       104
       105       106       107       108       109       110       111       112
       113       114       115       116       117       118       119       120
       121       122       123       124       125       126       127       128
       129       130       131       132       133       134       135       136
       137       138       139       140       141       142       143       144
       145       146       147       148       149       150       151       152
       153       154       155       156       157       158       159       160
       161       162       163       164       165       166       167       168
       169       170       171       172       173       174       175       176
       177       178       179       180       181       182       183       184
       185       186       187       188       189       190       191       192
       193       194       195       196       197       198       199       200
       201       202       203       204       205       206       207       208
       209       210       211       212       213       214       215       216
       217       218       219       220       221       222       223       224
       225       226       227       228       229       230       231       232
       233       234       235       236       237       238       239       240
       241       242       243       244       245       246       247       248
       249       250       251       252       253       254       255       256
       257       258       259       260       261       262       263       264
       265       266       267       268       269       270       271       272
       273       274       275       276       277       278       279       280
       281       282       283       284       285       286       287       288
       289       290       291       292       293       294       295       296
       297       298       299       300       301       302       303       304
       305       306       307       308       309       310       311       312
       313       314       315
cmblock,C3,node,1215
(8i10)
      1734      1756      1763      1780      1801      1802      1803      1804
      1805      1806      1807      1808      1809      1810      1821      1822
      1833      1834      1835      1836      1837      1838      1839      1840
      1841      1842      1854      1859      1860      1861      1862      1863
      1864      1865      1866      1867      1868      1869      1870      1871
      1872      1873      1874      1875      1876      1877      1878      1879
      1887      1888      1899      1900      1921      1922      1923      1924
      1925      1926      1927      1928      1929      1930      1951      1952
      1953      1954      1955      1956      1957      1958      1959      1960
      1965      1966      1967      1968      1997      1998      1999      2000
      2001      2002      2003      2004      2005      2006      2007      2008
      2009      2010      2011      2012      2013      2014      2015      2016
      2031      2032      2033      2034      2063      2064      2065      2066
      2067      2068      2069      2070      2071      2072      2073      2074
      2075      2076      2077      2078      2079      2080      2081      2082
      2097      2098      2099      2100      2129      2130      2131      2132
      2133      2134      2135      2136      2137      2138      2139      2140
      2141      2142      2143      2144      2145      2146      2147      2148
      2161      2162      2166      2167      2170      2171      2175      2176
      2203      2204      2205      2206      2207      2208      2209      2210
      2211      2212      2213      2214      2215      2216      2217      2218
      2219      2220      2221      2222      2261      2262      2263      2264
      2265      2266      2267      2268      2269      2270      2271      2272
      2273      2274      2275      2276      2277      2278      2279      2280
      2300      2301      2303      2316      2331      2332      2333      2334
      2335      2336      2337      2338      2339      2340      2341      2342
      2343      2344      2345      2346      2347      2348      2349      2350
      2385      2386      2387      2388      2389      2390      2391      2392
      2393      2394      2395      2406      2407      2408      2409      2410
      2411      2412      2413      2414      2415      2416      2424      2425
      2426      2427      2428      2429      2430      2431      2432      2433
      2434      2435      2436      2437      2438      2439      2440      2441
      2442      2443      2444      2445      2473      2474      2475      2476
      2477      2478      2479      2480      2481      2482      2483      2506
      2507      2508      2509      2510      2511      2512      2513      2514
      2515      2516      2548      2549      2550      2551      2552      2553
      2554      2555      2556      2557      2558      2559      2560      2561
      2562      2563      2564      2565      2566      2567      2568      2569
      2612      2613      2614      2615      2616      2617      2618      2619
      2620      2621      2622      2623      2624      2625      2626      2627
      2628      2629      2630      2631      2632      2633      2676      2677
      2678      2679      2680      2681      2682      2683      2684      2685
      2686      2687      2688      2689      2690      2691      2692      2693
      2694      2695      2696      2697      2740      2741      2742      2743
      2744      2745      2746      2747      2748      2749      2750      2751
      2752      2753      2754      2755      2756      2757      2758      2759
      2760      2761      2804      2805      2806      2807      2808      2809
      2810      2811      2812      2813      2814      2815      2816      2817
      2818      2819      2820      2821      2822      2823      2824      2825
      2870      2871      2872      2873      2874      2875      2876      2877
      2878      2879      2880      2881      2882      2883      2884      2885
      2886      2887      2888      2889      2890      2891      5651      5653
      5834      5836      5837      5884      5886      5887      6009      6011
      6186      6187      6188      6189      6192      6193      6194      6195
      6200      6201      6202      6203      6207      6208      6209      6210
      6214      6215      6216      6217      6222      6223      6224      6225
      6229      6230      6231      6232      6237      6238      6239      6240
      6244      6245      6246      6247      6251      6252      6253      6254
      6334      6336      6339      6396      6397      6398      6404      6405
      6406      6410      6411      6412      6417      6418      6419      6423
      6424      6425      6428      6429      6430      6432      6433      6434
      6437      6438      6439      6441      6442      6443      6448      6449
      6450      6555      6556      6579      6582      6583      6584      6585
      6588      6589      6590      6591      6594      6595      6596      6597
      6599      6600      6601      6602      6605      6606      6607      6608
      6610      6611      6612      6613      6616      6617      6618      6619
      6624      6625      6626      6627      6630      6631      6632      6633
      6636      6637      6638      6639      6645      6646      6647      6651
      6652      6653      6658      6659      6660      6665      6666      6667
      6670      6671      6672      6678      6679      6680      6684      6685
      6686      6691      6692      6693      6697      6698      6699      6704
      6705      6706      6752      6755      6756      6758      6851      6854
      6855      6857      6986      6987      6988      6989      6994      6995
      6996      6997      7002      7003      7004      7005      7010      7011
      7012      7013      7018      7019      7020      7021      7026      7027
      7028      7029      7032      7033      7034      7035      7039      7040
      7041      7042      7047      7048      7049      7050      7052      7053
      7054      7055      7285      7286      7287      7290      7291      7292
      7295      7296      7297      7300      7301      7302      7305      7306
      7307      7310      7311      7312      7317      7318      7319      7324
      7325      7326      7329      7330      7331      7335      7336      7337
      7364      7366      7367      7370      7371      7374      7375      7377
      7611      7612      7613      7614      7617      7618      7619      7620
      7623      7624      7625      7626      7631      7632      7633      7634
      7638      7639      7640      7641      7645      7646      7647      7648
      7654      7655      7656      7657      7661      7662      7663      7664
      7668      7669      7670      7671      7676      7677      7678      7679
      7682      7683      7684      7689      7690      7691      7696      7697
      7698      7701      7702      7703      7707      7708      7709      7713
      7714      7715      7719      7720      7721      7725      7726      7727
      7732      7733      7734      7737      7738      7739      7868      7871
      7872      7874      7875      7878      7879      7881      8110      8111
      8112      8113      8116      8117      8118      8119      8122      8123
      8124      8125      8128      8129      8130      8131      8135      8136
      8137      8138      8142      8143      8144      8145      8148      8149
      8150      8151      8155      8156      8157      8158      8162      8163
      8164      8165      8170      8171      8172      8173      8176      8177
      8178      8183      8184      8185      8190      8191      8192      8197
      8198      8199      8203      8204      8205      8209      8210      8211
      8216      8217      8218      8222      8223      8224      8229      8230
      8231      8234      8235      8236      8378      8380      8381      8384
      8385      8388      8389      8391      8621      8622      8623      8624
      8627      8628      8629      8630      8633      8634      8635      8636
      8641      8642      8643      8644      8649      8650      8651      8652
      8657      8658      8659      8660      8665      8666      8667      8668
      8672      8673      8674      8675      8679      8680      8681      8682
      8687      8688      8689      8690      8693      8694      8695      8700
      8701      8702      8707      8708      8709      8712      8713      8714
      8717      8718      8719      8722      8723      8724      8729      8730
      8731      8735      8736      8737      8742      8743      8744      8747
      8748      8749      8870      8873      8874      8876      8896      8898
      8899      8902      8913      8915      8916      8919      8938      8941
      8942      8944      9170      9171      9172      9173      9176      9177
      9178      9179      9183      9184      9185      9186      9190      9191
      9192      9193      9197      9198      9199      9200      9203      9204
      9205      9206      9210      9211      9212      9213      9218      9219
      9220      9221      9225      9226      9227      9228      9233      9234
      9235      9236      9239      9240      9241      9246      9247      9248
      9252      9253      9254      9258      9259      9260      9264      9265
      9266      9271      9272      9273      9276      9277      9278      9281
      9282      9283      9287      9288      9289      9293      9294      9295
      9647      9648      9649      9650      9654      9655      9656      9657
      9661      9662      9663      9664      9668      9669      9670      9671
      9675      9676      9677      9678      9681      9682      9683      9684
      9687      9688      9689      9690      9694      9695      9696      9697
      9701      9702      9703      9704      9709      9710      9711      9712
      9715      9716      9717      9721      9722      9723      9727      9728
      9729      9733      9734      9735      9739      9740      9741      9746
      9747      9748      9753      9754      9755      9759      9760      9761
      9766      9767      9768      9771      9772      9773      9931      9934
      9935      9937      9945      9947     10026     10027     10141     10142
     10143     10144     10149     10150     10151     10152     10155     10156
     10157     10158     10163     10164     10165     10166     10170     10171
     10172     10173     10176     10177     10178     10179     10184     10185
     10186     10187     10191     10192     10193     10194     10197     10198
     10199     10200     10203     10204     10205     10206     10209     10210
     10211     10214     10215     10216     10221     10222     10223     10226
     10227     10228     10231     10232     10233     10238     10239     10240
     10243     10244     10245     10249     10250     10251     10256     10257
     10258     10263     10264     10265     10457     10459     10463     10467
     10470     10475     10480     10483     10488     10493     10496     10583
     10586     10591     10594     10597     10600     10603     10607     10612
     10615     10617     10751     10754     10759     10764     10769     10772
     10775     10778     10783     10788     10793     11138     11140     11143
     11146     11151     11154     11158     11162     11166     11168     11171
     11443     11445     11448     11451     11454     11456     11459     11462
     11466     11468     11471     11743     11745     11748     11752     11757
     11760     11764     11767     11771     11773     11776     12056     12058
     12063     12066     12071     12073     12076     12080     12084     12089
     12092     12360     12362     12366     12370     12374     12376     12379
     12382     12386     12388     12391     12691     12694     12698     12702
     12707     12711     12715     12718     12721     12723     12729
esel,s,real,,2
esel,a,real,,3
cm,C2,elem

